FarUidValidity 755
NearUidValidity 1634190835
MaxPulledUid 202
MaxPushedUid 202

1 1 
2 2 S
3 3 S
4 4 
5 5 
6 6 
7 7 
8 8 S
9 9 S
10 10 
11 11 S
12 12 
13 13 
14 14 S
15 15 S
16 16 
17 17 S
18 18 
19 19 
20 20 
21 21 S
22 22 
23 23 
24 24 
25 25 S
26 26 
27 27 
28 28 
29 29 
30 30 
31 31 
32 32 
33 33 S
34 34 S
35 35 
36 36 
37 37 S
38 38 
39 39 
40 40 
41 41 
42 42 S
43 43 
44 44 
45 45 
46 46 
47 47 
48 48 
49 49 
50 50 
51 51 S
52 52 
53 53 S
54 54 
55 55 S
56 56 
57 57 S
58 58 
59 59 
60 60 
61 61 S
62 62 S
63 63 
64 64 
65 65 
66 66 
67 67 S
68 68 
69 69 
70 70 S
71 71 
72 72 S
73 73 
74 74 
75 75 S
76 76 
77 77 S
78 78 
79 79 
80 80 
81 81 
82 82 
83 83 S
84 84 S
85 85 
86 86 
87 87 S
88 88 
89 89 
90 90 
91 91 
92 92 
93 93 
94 94 
95 95 
96 96 
97 97 
98 98 
99 99 
100 100 
101 101 
102 102 
103 103 
104 104 
105 105 S
106 106 
107 107 
108 108 
109 109 S
110 110 
111 111 
112 112 S
113 113 
114 114 S
115 115 
116 116 S
117 117 
118 118 
119 119 
120 120 
121 121 S
122 122 
123 123 
124 124 S
125 125 
126 126 
127 127 S
128 128 
129 129 
130 130 
131 131 
132 132 
133 133 
134 134 
135 135 
136 136 
137 137 
138 138 S
139 139 S
140 140 
141 141 
142 142 
143 143 S
144 144 S
145 145 
146 146 
147 147 
148 148 
149 149 
150 150 
151 151 
152 152 S
153 153 S
154 154 
155 155 
156 156 
157 157 
158 158 S
159 159 S
160 160 
161 161 S
162 162 S
163 163 
164 164 
165 165 S
166 166 
167 167 
168 168 S
169 169 
170 170 S
171 171 S
172 172 S
173 173 
174 174 
175 175 
176 176 
177 177 
178 178 S
179 179 
180 180 
181 181 S
182 182 
183 183 
184 184 S
185 185 
186 186 S
187 187 
188 188 
189 189 
190 190 
191 191 
192 192 
193 193 S
194 194 S
195 195 S
196 196 S
197 197 S
198 198 S
199 199 S
200 200 S
201 201 S
202 202 S
